1170: 3 65 6
514804654656: 858 60 46 5 4 655 1
9688755: 13 87 278 4 98 5 62 87
550284560: 4 644 1 6 1 6 7 4 6 3 49 5
24318: 4 78 74 7 9
11149210: 7 85 91 12 10
467200206482: 320 20 73 20 648 2
518586: 77 3 1 67 5
756848: 756 34 3 34 471
410922: 99 5 1 63 4 49 569 673
204223: 1 584 45 4 3 3 7 9 1 40
1067729: 455 3 26 6 996 7 3
11928859: 8 64 2 82 69
12046: 5 37 66 4 958
38213: 1 5 9 79 371
596560119: 8 145 62 2 514 3 2 404
581828: 30 3 100 999 415
36175516: 594 80 268 757
49288: 7 2 5 763 61
1233726: 8 104 807 48 70 9 4 78
51206: 24 3 6 6 2 85 1 3 64 3 5
1889861: 376 5 9 861
5435522: 1 15 7 9 2 2 7 9 3 723 8
119948: 39 75 5 94 8
80367: 4 76 19 17 7
3662932: 967 33 7 56 364
444090: 64 84 5 6 90
31972252: 9 592 7 6 52
1762985410: 8 8 8 50 287 610 22 8
1266719500610: 5 1 576 9 6 113 5 7 8 53
62070480: 1 1 8 4 58 5 27 1 5 3 60
45262: 442 5 5 56 6
206012074: 63 8 58 1 7 6 8 39 9 5 81
309579924240: 93 30 73 963 472
475179: 474 2 4 93 9
78785362321: 2 8 4 8 977 3 3 8 7 8 5 3
424368: 7 2 2 7 716 7 72
90553262328: 7 5 32 9 5 105 2 36 2 8 6
1921979: 63 47 5 9 6 1 6 1 2 8 1
1055: 75 9 336 29 1 9 5
9664165: 73 76 6 646 7
136274679: 6 371 8 61 680
1064627348716: 93 88 2 1 2 964 5 7 9 9
66729555545: 39 6 5 9 71 8 6 60 549 5
724074914: 4 474 2 90 5 83 26 7 23
112063: 5 3 67 2 236 3 3 3 9 6 9
7520477402: 9 764 6 71 38 3 9 570 2
9175299: 621 2 6 919 8
2969: 128 7 67 9 6 1 923 779
17767928: 94 8 3 211 727 6 8
1216: 13 3 14 992 1
2560029712: 2 559 935 94 712
97877052: 6 85 138 866 9
139162023: 916 339 1 1 44 3 36 9 7
4108510675: 83 45 11 10 675
483839: 1 9 9 1 537
730225295800: 76 7 8 1 9 8 8 4 9 7 5 968
191273479: 956 367 2 79
21816276: 1 77 5 696 93 9 2 59 12
24014: 3 97 5 946 4
1268019934776: 622 7 2 678 342 483 9
3170049855: 218 8 43 4 853 7 5
10971728: 6 37 582 9 729
39885581: 8 5 236 352 568 557 9
131930: 896 55 679 22 9 9 79
11090: 383 6 9 3 7 1 579
43918116: 778 75 47 8 3 35 94
17497004: 9 43 56 784 7 28 8 4 7
724613154: 774 39 6 3 644 8
5335704240: 6 6 6 8 2 9 8 9 415 241 2
77861: 5 768 5 6 1
14760702: 57 46 4 77 9 64 995 91
47054938986: 8 89 9 53 621 66
17807: 6 3 1 4 30 1 394 71 5 1
1260764: 79 38 141 92 76
27847702: 29 96 56 5 98 693 810
9386369170: 772 316 8 9 5 9 3 3 5 95
245109678869: 7 36 6 1 950 9 67 886 9
20492198498: 40 177 92 11 2 63 4
88: 9 6 76
71975780450: 4 2 952 363 5 18 5 7 3 1
107338: 70 15 7 537 77
50791486: 79 5 6 7 2 38 5 124 76 2
154574: 5 3 95 41 14
64682: 6 96 5 8 60 2
260001: 77 4 24 1 32 35
456661557563: 878 11 8 77 296 7 52 2
9225222: 44 8 126 8 26 6
2119762834: 10 2 9 197 6 25 3 34
5409788: 2 490 5 2 23 7 8 3 6 5 9
12635743: 7 220 7 7 1 142 2 4 9 1 5
757577165: 13 46 7 67 39 1 3 5 24 5
52497: 68 2 37 64 307
5018812565: 7 531 8 714 81 25 63
322766271: 922 7 3 1 8 1 5 64 4 625
968445130: 4 9 248 6 24 8 3 7 1 2 6 5
290718771: 515 7 5 7 5 3 4 32 7 1 6 9
48704: 68 53 57 4 76
26131289858: 6 2 71 3 128 971 6 4 86
53983: 4 9 23 3 59 4 3 1 7 9 501
1839514: 79 70 61 329 75
2867901: 98 327 482 14 1
2594592712: 56 76 4 234 21 6 51 61
5114: 522 9 51 267 98
28080: 7 33 3 39 6
66849727: 600 61 70 679 727
12535: 8 11 173 6 2 657 70
797808044: 498 63 2 80 47
20399071: 7 587 7 9 66 4 7 4 1 707
19414290: 787 42 94 43 3 83 9
1083951993315: 7 26 9 789 364 3 3 315
74679: 4 614 53 75 20 59
7213: 88 1 8 17 3
27979: 27 1 8 1 77
2891: 1 749 197 1 3 8 4 35
71960284368: 5 3 88 442 23 3 7 92 84
1074546: 7 593 3 33 54 1
825558370: 87 1 2 4 48 105 5 2 910
5572803: 6 10 3 720 43
2425552272: 2 1 5 14 7 6 3 9 4 1 6 707
1054847: 926 5 5 5 282 6 4 3 1 71
26355: 7 5 3 5 7
23772645653: 2 3 772 6 4 1 2 8 36 4 5 7
1332857608: 9 50 7 3 7 66 7 2 3 1 95 8
5875331359: 6 8 6 4 9 326 47 4 763 8
117001: 4 609 48 73
796291: 1 9 825 537 91
4104029772: 5 4 5 519 8 6 1 8 3 6 493
90862: 898 59 31 972
129962292: 305 91 4 906 82
400247: 399 658 5 11 86 485
8528300: 2 101 3 2 744 1 7 29 4 9
21552519: 9 69 11 347
1005120984: 7 70 6 264 2 5 68 776
235812831: 178 8 49 81 28 31
718740: 9 5 28 92 9 60 1 59 6 6 5
14441: 8 9 6 27 24
1125643: 5 4 1 5 4 5 3 90 1 29 5
14284082548: 1 9 6 938 2 5 2 5 9 1 26 8
100656838799: 8 9 4 73 5 33 40 711 4 5
1105351546: 9 2 2 19 2 6 13 901 5 9 6
2531995452: 6 35 9 99 52 8 8 8 2 6 4 6
996: 4 98 2
27520725: 8 8 4 654 54 4 4 7 3 4 5 5
108545698: 5 25 868 56 7 39 9
11670036071735: 7 9 9 7 40 98 3 71 735
1788419: 3 318 539 8 9
1141458193: 6 4 337 986 9 2 7 8 3 7 6
310471: 1 96 186 9 7 6 28 15
838995: 3 4 12 1 7 2 5 63 178 15
34722114: 5 4 8 55 2 9 3 193 9 9 4 6
4335548557: 9 8 814 4 1 2 4 102 307
139187622: 616 2 23 60 58 7 2 375
627: 1 2 8 5 7 67
52401240: 78 74 2 3 1 8 57 3 652
14248: 7 92 6 923 264 1 8
386707893: 7 93 9 6 5 7 11 8 61 4 2
94129: 799 769 3 6 34
26489532: 4 63 27 30 364 71 3
3712: 4 6 1 151 88
715540: 1 6 69 4 93
36886: 82 73 50 6 670
126176600: 1 84 13 58 3 1 8 8 664
14651965: 88 49 807 37 93 41
95060: 56 12 7 7 20
2793518: 81 13 68 39 962
1282874113: 2 983 297 874 112
52904037: 22 1 79 1 101 5 3 30
18834450431: 4 5 5 6 6 9 32 8 4 96 406
17896836360: 3 6 5 5 1 2 46 915 17 26
23163603: 1 8 638 36 996 6 615 6
21559739144: 2 8 3 2 48 16 806 984 8
161040938: 671 80 3 938
1739552100: 6 695 18 32 129 2 533
24658: 8 3 656 2
11973237: 8 3 7 2 5 8 6 1 99 2 1 37
24233855760: 26 5 81 1 991 97 6 8 90
3180934101: 70 12 1 9 5 7 5 9 3 6 3 8
25346451402: 872 2 29 450 801 601
2845060: 27 831 45 862 99
368522258: 48 6 72 6 2 518 4 261
95229: 3 556 7 3 7 8 6 743 992
103816224: 2 2 83 57 18 84 8 2 36
12013213884: 8 662 9 9 67 343 5 5 28
67580703: 65 25 91 4 457
2378: 8 171 50 557 6 3 2
291755579832: 42 9 4 804 249 3 2 2 6
94134342: 65 57 254 41 226 6 4 2
3341: 45 9 2 3 3 3
50569558: 965 524 6 29 5 8
8857275: 52 457 290 7 6 633
428279284: 26 47 854 66 744 7 79
14480137: 9 7 2 4 6 219 8 458 8 2 9
925346: 42 930 34 4 7
2816058: 6 82 2 1 1 801 5 5 1 260
182828401: 3 548 473 560 33 7 71
12858196005: 85 7 213 1 50 3 3 99 6
14784609839: 5 64 2 2 4 90 869 6 364
3379: 3 78 6 38 69 4
75804750: 222 2 162 264 3 2 7 75
74362201: 73 772 504 86 201
7647576: 583 292 874 1 7 6
184: 1 2 2 96 84
1210868: 2 7 95 88 42 8
28152: 362 5 65 5 8 3
360736949: 564 841 32 199 251
6680: 5 830 8
1080: 32 22 985 2 39
994: 2 5 89 4
16653868: 832 68 54 80 2
21275: 7 94 3 41 16 1 964
11503695663: 1 3 24 53 316 97 54 9
170936: 185 90 81 358 3 4 12 1
15653398: 775 7 67 4 50
11516705639524: 428 6 40 590 52 76 5
1923905: 53 91 42 2 318 5
122658: 1 57 7 7 134 7 9 30 168
33628056: 7 6 22 587 62
7787754864: 227 7 5 594 38 476 18
4617679: 104 6 740 5 2 29
31500: 5 636 108 7 7 6
1499341536: 73 37 157 739 56 56
11938080513: 28 84 85 22 57 504 9
51091612: 9 63 6 784 3 9 9 513 5
3200172021: 3 189 2 9 1 71 8 1 6 4 56
674631: 1 14 5 599 631
7167956878: 4 4 24 1 3 87 63 1 1 2 8 7
433030715: 12 429 4 5 871
357347708: 74 2 344 1 2 3 3 7 5 3 35
54789: 62 94 10 5 66 9
51751888: 752 91 90 291 6 94 8
390127: 42 2 81 46 1
16587: 11 92 74 7 3 9
27106659: 185 370 44 51 9
100716000: 36 6 2 3 7 5 88 875
49237578: 84 6 582 81 296
348636073: 49 703 416 5 8 2 64 4 5
278549: 314 5 9 97 12 49
208: 2 6 8
283818: 8 2 8 7 2 486 81 3 725 6
613391: 6 1 32 66 127
329702381: 8 114 1 5 595 6 9 251
123310: 62 9 8 497 56 110
14751144: 88 51 246 38 82
25444157: 50 34 81 358 3 75 6
4110638760: 310 2 39 228 170
14904000: 9 480 345 5 2
408507750: 9 6 1 12 1 6 7 6 75 74
77283: 88 866 81 3 6
6475159: 92 8 9 14 9 3 8 786 877
1353381: 2 976 848 639 9 61 96
11745988: 117 4 5 98 7
29418648: 8 809 4 9 36 8 3 9 31 7 6
6204: 6 172 6 6 5
1432210: 214 9 3 245 8 5 598
3876831: 640 724 406 49 7
59137: 4 56 33 8
8939: 28 1 9 818 8 3
1023350: 280 32 370 3 5 1 2 5 50
1950867401: 54 2 42 90 430 1 38 9
385: 9 7 4
8172416: 638 47 128
17984: 243 74 1
1173444710: 586 71 1 1 5 996 4 726
4904714652: 2 8 7 2 271 5 471 4 64 9
39200: 15 2 8 4 69 1 5 8 2 7 2
231942: 575 403 2 1 214
13970: 3 11 43 593 4
1624700: 9 5 377 770 5
473: 6 87 9 214 5 99 3 50
957909620449: 45 86 34 1 89 5 5 27 99
10268208: 4 3 312 834
507188: 1 4 6 158 31 2 107 2 8
56788158848428: 9 6 3 9 3 52 734 7 3 6 31
2614629: 25 323 823 26 3
160058: 1 2 12 554 8 2 669 8
390752: 577 51 3 9 23 764
1466624: 4 706 3 538 9 27 97
235556: 65 517 45 7 8
52597: 870 2 4 6 5 6 9 2 74 4 6 2
11748000: 17 83 9 95 31 27 250
1204602: 99 642 4 3 406
1480438114202: 421 3 16 814 38 90 3
197112: 224 7 167 5 93 83 91 6
647: 2 53 10 9 574
258359: 8 1 8 3 4 1 6 4 3 7 51 698
874503: 25 62 14 30 64 36
11289: 1 38 4 247 915
38087159040: 2 6 9 70 27 7 7 8 432 7
335746944: 8 520 24 42 832 47
9744: 405 8 8 3
151581: 37 87 1 1 4 93
346980232: 5 50 603 44 316 3 230
402258: 257 16 46 5 5 2 4 8 18
36873809838: 2 7 8 2 397 831 9 9 9 3 6
57040: 30 19 2 5 5 5 30
1323521: 9 8 194 460 88 2 1
126602581: 9 609 1 13 9 46 230 1
91698539961645: 528 9 571 67 52 97 46
1844: 606 8 1 3
37231621: 4 6 8 205 1 15 856
208600: 9 39 63 38 8 7 25
6326: 744 81 6 755 618 3
423712: 692 8 1 38 76 88
439423: 94 4 18 665 5 3 9
355051: 1 862 43 392 7 284
416: 111 3 43 7 2 7 81
378245691: 58 2 1 29 3 1 3 9 9 83
117422763485: 5 8 2 541 945 4 2 198 2
104661: 362 5 57 652 6 68 765
39646: 6 593 319 4 43
8870946: 2 15 114 88 7 1 4 4 1 8
20199162: 8 55 90 5 9 7 8 7 34 3
4567951: 455 1 47 10 75 47 53
14716195: 1 54 94 876 73 481 5
668: 9 6 286 325 42
17911575: 54 19 245 26 575
39792104: 5 45 5 951 9 5 53 2 374
754550: 947 8 790 13 89
2451450096: 5 331 958 3 6 861 8 6
52955353618: 25 6 884 930 78 3
1007062: 115 3 1 871 49 157 7 7
363641037: 87 831 5 460 9
744828: 7 7 695 220 608
228185853457: 59 89 13 381 457
1144440: 1 78 9 612 1
143262: 22 74 63
35985960: 5 2 28 2 8 586 8 8 6 8 45
361922146: 343 4 8 6 9 21 325 821
106693223: 48 841 11 12 23
4767573262: 543 878 61 271 61
402692504: 225 549 3 326 28
25783005129: 7 14 5 1 64 7 2 4 263 8 1
2275973991: 143 52 77 795 2 5 281
46970463: 895 656 2 8 810 37
2472981: 321 9 856
89779845371: 69 4 245 6 48 3 6 6 581
34220219766: 6 3 396 16 9 691 8 6 6 6
4801127: 5 11 1 8 2 691 19
972910: 14 947 3 8 910
2536640163756: 430 681 9 3 875 11 6
5062176: 2 118 63 3 7 2 8 7 1 3 9 6
4446535: 92 402 9 529 6
19669681109: 983 48 405 3 2 2 8
1624144: 1 30 4 478 772 70 142
25773338801: 363 71 3 38 801
5994968676520: 889 3 290 2 8 7 963 4 1
18373: 6 95 3 212 8
246: 7 8 14 8 86 79
18383586: 919 2 3 5 86
838792668: 57 61 5 6 2 4 1 27 7 7 93
11167: 9 55 621 3 1
573682: 78 79 3 174 7 4
18561285120: 7 9 696 58 54 8 940 56
1722472: 8 8 1 22 474
576704245: 9 25 677 12 623
166336067643: 9 9 4 29 706 746 19 24
57526076161: 2 857 19 3 25 952 80
130814: 8 7 5 7 3 4 612 6 8 1 61
440: 8 14 3 6 98
54152: 86 8 81 58 63 7 7
28768332: 36 88 2 116 332
59794394: 580 241 13 4 57 56
1983940029260: 545 5 838 390 434
10426071168: 447 68 6 9 8 794
20073: 6 76 89 25 450 498
6295502444983: 512 80 3 18 2 682 983
13525: 76 454 821 3 9
88605767: 8 510 596 7 41 823 8
625451312106: 9 5 35 10 209 234 9
124278848371: 27 61 45 838 69 29
4209408: 8 29 6 56 18 3 1
58012468365: 3 48 181 5 65 921
4593647: 75 94 5 651 842
1730: 284 384 841 9 1 206 5
1079620400: 3 3 534 78 9 5 4 6 4 7 8 2
30378: 3 375 9 2 4
612: 2 93 271 5 41 2
51342724: 242 52 8 510 2
7226286217: 95 74 48 37 20 691 9
475992: 476 63 542 8 44
2084940: 8 217 9 990 9
3657202245: 255 34 932 238 53
80962722: 79 6 14 3 7 140 166 87
16779923: 16 4 974 90 8
2720440724: 6 115 3 7 2 1 2 741 3 1 7
16459083: 8 6 3 4 674 165
20117327: 114 303 44 4
631176: 97 6 2 489 79
202216: 50 3 6 26 36 961 6
69325004: 70 2 5 398 98
2200586942: 490 868 382 5 81 20
32032: 12 274 56 2
1704342: 2 535 2 3 671 4
8291: 85 5 6 5 3 4 6 3 575 6 1 5
13775469: 5 9 9 87 2 3 5 1 2 989 4 4
2221: 5 8 54 52 7
4140: 44 43 3 15 15 1
138624078936: 9 79 37 9 8 10 5 9 426 4
2955858: 216 79 58 56 1
34075530: 809 65 6 6 3 48 27 6
6568463: 158 52 6 1 81 791
663554945: 994 835 667
40584312813: 5 2 8 4 129 1 603 1 8 13
95679409411: 552 8 791 8 1 8 3 9 3 1
42954860: 66 2 9 777 58 61
14949: 73 353 35 1 37 1
27746: 207 131 12 13 604
390497288: 5 56 8 421 9 9 46 1 890
535050652: 9 606 435 325 2
722570: 601 143 1 165 95
1189255758: 7 4 7 2 19 1 92 7 3 2 13 5
4398058124: 537 5 8 1 7 81 8 3 1 16 9
289506: 5 5 103 3 854
3177542358: 7 90 6 6 1 1 3 6 9 933
439025: 7 1 5 7 7 44 60 905 85
7895503267: 87 727 814 9 6
1325: 446 613 7 5 253
255780: 5 8 70 9 7
5046784: 6 3 8 6 784
1613251616342: 713 1 8 9 8 377 3 8 1 6 2
101757114: 136 5 6 82 1 5 35 718
1828860580: 8 7 17 7 2 6 604 2 15 3 7
47667653: 863 1 54 917 1 93 652
5219827388: 846 617 733 4 54
6960495: 7 9 2 95 39 2 5 89 4 97
10751: 45 75 89 4 67
253898128381: 8 7 5 6 6 1 31 3 3 59 76 9
86329: 1 31 659
66304736: 5 14 592 46 16
291731004: 698 7 986 2 6 69 2 7 12
83761: 828 9 62
9287250: 1 289 915 5 7
155674007: 98 2 79 9 176 71
7014269219232: 6 6 2 8 4 6 4 22 698 7 6 9
66: 5 42 7 8 4
1637: 276 320 989 1 52
22049314560: 973 93 9 171 280 48
41172: 81 4 2 60 47
9007906: 5 70 9 72 220 95 6
6041096203823: 736 864 86 356 95
53892790: 6 996 328 2 85 476 70
302443737: 4 5 8 7 29 10 7 4 9 6 7 37
126255: 1 2 55 7 3 1 26
80: 6 7 3 5 2
8444570: 84 44 570
86100: 5 2 7 92 342 3 189 861
1287692170834: 9 32 2 9 2 3 558 8 7 4 3 4
64291: 8 8 2 88
8106846: 3 863 9 313 461
16909934: 4 4 909 933
382526567: 197 512 1 73 8 242 68
8341371: 734 99 3 39 798 1
34855722: 450 4 3 269 15 4 8 55 6
2008294863392: 5 40 82 9 486 33 93
21433: 2 114 184 9 4 70 6
1910823: 24 1 764 88 732
2430794880: 2 615 752 876 3
13193: 62 8 407 750 6 917
163839463: 9 4 8 8 47 831 394 64
42587947: 9 95 97 7 5 9 38 6 5 3 67
281276388: 85 3 5 432 5 9 73 4 18 6
24526180890: 6 8 1 27 3 9 8 45 8 9 3
4509779: 4 496 3 9 3 67 1 4 50 7 8
928097: 7 318 5 416 1
8289: 91 9 37 65 9
980154897: 97 80 21 54 89 7
279308: 5 98 6 95 8
35641: 8 4 66 9 5
99587019: 3 618 61 135 52
56685: 70 5 8 4 281
9907487: 9 906 989 165 333
3045605: 2 5 12 260 9 8 15 5 1
178398168: 3 8 782 2 1 46
522676: 40 19 76 742 79
756114831705: 2 31 4 6 8 7 6 55 447 15
375442964: 4 6 3 3 9 6 9 3 7 21 2 753
9032: 76 21 5 81 695 75
44364150: 31 1 951 150
260653048: 653 404 4 1 1 988 864
1244513: 35 9 28 141 893
9470128: 1 87 1 9 98 5 976
668508727: 46 22 892 66 7
28512476: 3 550 14 8 476
2283370110: 2 81 1 34 6 9 9 9 90 490
683928: 1 910 48 2 6 708
18979758: 430 38 9 49
7619: 48 8 2 68 3
63112449: 9 8 92 7 44 9
14596883: 538 27 70 791 93
63319: 1 3 98 1 135 19
105555: 6 7 83 76 447
1814: 9 3 52 329 84
2297062863: 5 1 3 2 5 7 3 9 837 6 2 63
43663: 9 1 59 74 1
6414338388: 4 21 70 84 5 96 3 507
15317357: 2 4 9 12 75 460 9 5 7 5
401386104670: 60 669 8 827 667 3
5209602: 21 646 73 39 646 8 2
17940: 8 5 6 46 5
594000: 415 3 5 677 108 5
3730406448: 3 1 7 5 2 6 257 6 4 80 8 6
119880727496: 97 8 787 5 58 63 8 397
55045230: 57 2 5 411 454
880741851: 1 11 1 119 92 589 671
9739: 2 7 3 3 96 4 4 5 47 9 1 42
6758360386: 67 58 3 603 84 2
25830: 7 31 7 1 574
2253400: 8 987 3 32 95
696880841: 3 5 3 5 9 1 4 45 616 4 1 1
18784073: 5 453 83 80 73
374205870: 5 66 935 9 578
19809047662: 15 2 82 2 71 4 9 72 6 3
972226: 90 93 622 70 444 210
27373632: 8 76 3 50 4 7 9 33
4655160906: 24 67 965 3 903
43166963: 56 71 1 6 5 3 761
25753: 87 4 1 198 7
488573382: 9 14 90 64 7 446 8 6 2 6
15643071801: 981 4 365 5 429 23 87
1676583792: 1 8 2 63 44 918
12300: 95 9 5 8 78 4 2 6 546 8 5
12637781177706: 679 4 506 62 5 2 95 6 6
136: 91 8 37
97510318: 19 502 5 320 1
444076: 989 1 21 99 4 76
493950: 4 838 83 89 6
559707: 74 36 9 21 80
18337560: 21 42 3 9 7 22 14 5 711
8005725: 425 21 897
3366: 462 5 7 63 34
11473715131: 2 9 1 297 1 9 4 9 37 3 31
4072790710: 15 5 4 220 6 3 9 10
19750004: 59 65 128 72 185 8 45
402653: 2 96 9 4 7 4 3 441 76 1 6
48801690: 3 9 9 7 755 38
386014084: 7 5 335 98 96 4
239717638116: 9 671 72 2 9 7 9 7 3 4 9
2702: 396 2 676 6 932 290 6
55603566: 23 530 266 6 8 3 7 3 3 9
211550: 3 2 3 31 769 1 8 5 2 2 4 4
33749494: 148 4 613 93 166
12618301545574: 911 270 7 9 57 2 9 57 1
15960: 21 9 9 9 6 56
3040620336: 97 4 3 540 11 3 7
3110316: 589 20 12 9 9 22
553553: 4 66 666 67 198 553
2558466948: 15 8 6 14 9 95 1 274 4 7
69267: 65 4 267
421039080: 28 2 55 249 549
541914: 7 7 16 319 998 1
13007905: 808 5 8 2 436 16 8 537
725383900: 6 1 707 6 50 6 4 5 5 6 95
1867758: 6 10 87 7 5 1 4 4 3 19 6
34040103: 4 5 4 539 740 4 9 4 38 2
6998054: 85 41 55 4 2 46 4 9 74 7
80412353: 2 9 4 765 9 3 7 3 343 8 2
34501883486: 704 109 10 12 95 7 8 7
11838696: 4 7 24 819 413 51
900650: 6 5 7 6 198 6 3 9 31 50
399: 6 7 7 5 320
7811401: 78 11 39 1 1
23025: 73 81 3 882
6492731: 987 6 8 95 96 641 42
8555: 247 32 97 554 1
721192756: 721 1 9 27 54
539417: 1 532 7 41 8
988460305920: 4 4 155 6 69 647 8 93 4
12533760803: 94 7 3 6 80 8 275 149 4
97388864: 97 381 1 1 53 722 4
6130488587: 80 2 84 91 587
102349446753: 5 81 1 7 9 9 1 3 6 4 675 3
1317: 6 18 525 69 1 107
394723035: 3 9 8 4 4 700 7 8 2 78 36
27462: 455 1 9 8 6
5366595: 5 3 66 5 98
71410952: 11 53 91 9 11 49
14886049: 19 5 31 274 28 20 9
27924372: 7 322 65 4 378
99936: 1 5 4 7 2 2 1 78 5 47 1 2
4278910285091: 658 29 389 650 91
674275: 2 337 17 6 96
337562: 4 38 187 95 777 343
389035535: 3 88 65 21 7 32
582269: 4 3 4 60 86 96 70 2 737
15664109315: 6 508 339 29 29 71
2056402: 380 7 270 2 622
702734697091: 8 6 754 3 37 450 5 9 2
1465721: 9 81 21 715 721
1254635281884: 1 40 85 4 3 92 90 1 887
47123635: 1 8 3 3 4 7 797 9 59 9 4
365464804752: 101 518 4 90 4 749 3
1206765: 14 294 75 1 315
330666057: 219 3 5 1 5 24 741 837
36286612: 7 2 990 57 342 4 12 1
127: 91 27 9
18848: 942 2 5
606805910445: 514 4 3 5 983 104 45
27293510: 389 257 3 13 21 62
5378241: 1 1 2 8 6 1 851 6 3 57 3 9
8118915: 8 118 39 52 5
23093605: 15 99 311 37 5 5
1629196225: 8 8 642 793 285 14 2
54522835: 54 375 76 71 813 20
3578050: 1 35 706 74 52
295293: 70 768 21 343 656
225584: 15 9 67 89 21
66096: 19 3 8 771 68
230012933: 450 4 50 301 290 3 5
233228304848: 9 9 9 818 4 1 2 1 8 42 2 9
249067472850: 3 4 1 29 81 667 3 6 75
3306244010110: 615 7 96 50 1 1 2 6 2 7 4
484589925: 4 8 1 4 583 6 911 1 8 6
4615163240752: 2 49 759 12 37 6 407
482297: 13 5 24 7 4 307 1
80416186: 2 7 741 36 161 83
2706889920: 873 886 21 916 80
4764000: 5 9 545 5 80
2127069648: 4 1 14 774 668
172724878242: 1 6 1 4 532 82 2 782 4 2
53015: 67 3 13 43 55 4 4 592
8912: 4 75 37 76 7 89
42787459: 4 189 9 888 459
503872340: 503 872 340
375878215: 10 717 24 756 43 5
249404724: 43 23 7 7 9 4 95 229
405270518: 8 770 153 8 5 86 678
4062605175: 7 7 78 468 6 52 8 7 5 4 1
28457502: 6 993 5 6 3 52 5 4 1 53 1
21101345: 85 662 75 19 5
242606: 6 834 1 65 203 9 217
38839: 11 213 854 36 26 5
6290: 66 8 85
166626: 17 906 46 562 9
219551467267: 1 3 652 55 43 48 68
3757350754: 6 508 731 982 82 11 4
7410031092: 4 9 120 977 5 9 4 9 7 9
141812648551: 1 783 80 690 795
599520480: 765 3 6 13 3 780
5999: 1 1 853 4 7
23226912: 9 58 2 72 309
4580520: 84 779 1 70
275016: 5 773 58 618 94 2 3
5055186: 50 54 382 722 82
20410350: 342 60 728 60 767 8 2
147852: 3 655 4 6 658 3 982
817930: 623 529 71 8 2
78055: 780 5 5
991391416: 9 91 32 1 5 65 25 16 6
449063: 180 27 8 595 7 24
485101544611: 53 9 2 924 3 127 5 2 4
16501139: 926 1 173 15 505 634
2105: 93 905 924 91 92
67272: 6 727 2
7833: 3 92 16 9 7
170564: 4 478 5 358 2 4 1 4 6 62
16841448: 4 53 34 22 684
8755641152: 87 5 564 1 152
314833: 4 27 47 87 22 24
41492: 6 2 3 39 1 8 54 3 2 327 4
37821199: 37 821 19 9
5698965690: 9 1 8 6 13 2 620 6 9 6 28
22735683846256: 45 4 71 364 3 692 5 5 9
127374: 7 4 7 7 335 484 2 53 46
426: 11 31 30 46 9
68037: 31 7 53 5 3 6 8 5 8 443 1
190205401: 980 4 18 50 966
12169: 61 2 740 9 1
1715875: 3 304 7 4 47
87148: 3 41 8 701 83
75897: 7 5 8 49 45
52421970371138: 5 6 3 6 77 1 93 3 4 1 139
2074416745568: 90 661 60 6 1 620 8 46
661564387: 802 161 9 8 8 87 1 68
2555377: 3 932 66 9 943 335 2
11016: 79 1 9 47 81
21529668: 5 264 8 957 9 8
23679826: 48 2 638 615 7 49 86
1976181368: 991 985 181 368
91223: 7 89 9 88 95 25 753 3 2
47828880: 2 7 1 15 948 1 6 3 55 44
1684568340: 769 3 16 6 234 3 65
5720227920: 357 55 202 9 88
80: 7 7 3
1555735: 960 6 7 5 40 161 799
95751: 4 5 20 7 8 201 87 4 87
1193844: 39 79 48 3
718778: 84 72 1 4 867 72 4 79
283290: 8 831 8 9 7 136 32 6
38114520: 421 2 3 1 1 769 3 7 3 89
177038127: 88 5 102 88 64 2
618: 12 7 1 427
601: 4 7 9 6 7
18673088: 6 6 5 1 2 9 7 8 8 345 56 8
2744501: 394 7 995 8 4 279
544942167800960: 85 14 721 371 8 9 8 8 2
134504040: 3 80 6 465 76
9974270922: 8 36 451 777 29 8 2 33
1161402205: 13 6 4 10 179 3 9 2 35 2
524976: 462 25 606 7 48
931901759: 1 5 2 916 8 6 2 980 8 2 1
53408: 66 7 6 8
2298202338: 2 32 1 6 5 5 5 1 4 62 7 1
549037122: 18 9 451 80 2 3 56 5 2
206209: 54 636 4 1 2 3 4 3 2 61 1
268369553: 50 92 4 527 5 2 3
101: 9 2 4 57
467403440859: 64 917 6 6 5 203 1 2 5 9
1529: 7 6 47 6 923
137848216222: 5 27 2 84 821 6 224
13746764: 71 6 1 4 6 3 9 78 3 89 6 2
561465169816: 5 6 6 1 838 51 69 809 7
7095816048: 8 18 8 9 77 630 520 4 8
202: 95 6 2
2531650: 4 7 9 5 1 16 208 4 1 4 52
248126: 68 37 42 97
1944474: 7 5 13 7 1 89 2 533 3
68611: 985 4 252 943 386 6
1566133920: 353 6 632 78 5 3
36000307980: 484 8 780 8 745 390 2
919352: 6 9 653 8 752 4 56
36939892629: 8 7 6 1 8 9 5 1 4 804 8 64
3546: 5 62 380 1 85 2 708 2 2
36552: 2 7 7 8 1 4 7 929 66 3 3 8
289102: 6 6 8 3 1 102
2547039: 4 93 7 33 79
8377833: 951 9 74 30 81
142911780942: 142 91 17 809 12 28
6918711: 1 261 29 9 913
2541470123: 4 7 4 9 272 2 679 4 7 2 3
5952: 29 30 44 1 7
5571422120: 32 63 980 5 8 94 6 6 2
211339: 93 91 27 3 38
3838: 1 71 5 28 6
8200948652: 911 3 64 9 1 3 1 5 6 9 5
174187545164: 9 2 6 5 6 3 747 7 5 161 3
39406: 2 554 35 626
435943: 94 728 53 28 3
120495: 2 4 7 8 495
2312431797: 1 4 9 415 70 556
275244: 5 856 47 6 6
184871400: 56 786 7 3 9 8 1 3 8 25
109194482460: 300 540 137 4 6 6 82
8749152: 56 4 8 42 5 7 4 17 85 9 4
2081: 4 1 15 1 7 2 1
1991645: 6 63 881 3
538580: 4 716 2 4 99 5 90 2 9 4 7
31274083947: 821 2 76 5 1 839 4 4
356252: 3 5 2 3 5 3 2 728 8 442
6712275: 5 906 8 49 73
378238021: 8 228 81 5 32 4 8 547
60327: 9 67 21 3
18457: 23 10 8 5 9
8220: 37 6 52 6 5
1069307: 3 7 686 31 673
33986260: 33 70 4 536 9 265 5 5 5
3308: 38 6 5 1 5 3 8
23206677: 44 74 7 741 39
1063118193: 2 644 7 5 62 9 4 9 6 6 90
41656348: 4 65 6 2 3 5 1 99 6 339 9
2144232169813: 73 47 86 967 88 71
8038769: 872 21 196 1 9 4
58568654: 4 2 6 3 645 28 47 77
399611573: 466 4 952 6 9
32941052: 678 694 6 527 7 77 5
397626399043: 733 652 343 2 1 832
67534816: 1 84 118 4 86 802
14019: 5 8 764 99 155
151833900: 73 5 139 2 113 300
99618722: 1 59 39 6 18 212 512
257357274914: 34 778 74 74 1 8 17
186: 84 9 2
6105728: 62 92 8 3 619 50 6 8 4 4
138570: 6 1 227 5 97
3976408800: 6 11 255 364 72 35
43504: 694 5 61 860 5
63892: 83 1 81 7 7
1000808: 1 1 7 7 1 7 538 6 6 2 8 58
33651575: 89 9 42 9 575
9994576: 6 9 403 4 542 2 5 4 1 7 2
24327275: 1 1 77 78 5 9 894 5 5 7 1
24781580: 36 7 57 75 7 3 9 4 3 8 4
620546: 862 718 990 9 631
5117364045162: 9 476 60 9 6 45 159
88990662309: 9 3 375 491 645 1 699
53164806: 4 6 852 65 4 6
78328195: 78 30 2 819 5
277324231354: 605 86 8 533 67 35 5
122204056933: 2 50 5 47 40 5 69 30
27491212307: 3 850 17 4 1 260 7 4 6 7
56770436: 6 2 2 19 4 995 30 7 6 5 3
14696: 859 8 966 1 1 4 8
885360: 8 519 5 74 104 5 51 4
7888: 22 6 5 219 1 660
1749118: 235 827 1 9 16
3248286: 615 352 4 52 5 70 4 8 3
56536101673924: 942 265 3 36 6 739 24
15006729326: 937 91 4 4 2 2 924 6 80
13889008570: 34 7 22 520 5 8 1 8 4 4
4101530411104: 49 6 3 8 3 866 35 5 82 4
443760377: 3 18 9 1 3 943 3 1 70
9231004: 7 143 72 165 92
1138348341054: 9 7 240 9 6 74 5 30 9 6
41812992: 578 8 2 866 3 2 5 2 7 4 8
721134: 71 21 1 7 9 1 7 7 135 99
312385: 1 9 660 9 1 46 5 7 9 2 8 8
9570: 6 743 2 558 96
488688795: 49 287 436 963 35
97285149: 28 647 4 537 9 4 67 1
301868: 1 8 1 4 465 1 90 2 3 2 2 2
91416: 150 6 1 2 6 54 39 1 1 5
9313596: 180 86 5 514 7
186267: 5 55 3 8 9 8 9 867 69 3
28303257: 75 88 373 1 7
9092: 240 9 93 20 4
873: 9 1 9 9 838 8
15377: 44 931 4 558 7
265044: 40 8 9 92 84
32840602: 855 2 89 6 8 616 58 7 4
1115: 2 73 6 290 8 61
442368: 1 5 208 6 8 7 4 2 7 86 1 9
1881857390: 185 2 6 5 857 389
48731507: 123 8 823 452 31
128: 4 8 3 23 69
25686438: 6 6 69 49 7 8
11916446: 7 58 9 5 17 66 6 7 3 785
187270684: 4 719 3 60 5 479 9 844
75658674293: 30 7 4 355 7 4 6 8 3 6 5 3
5757834856969: 542 33 7 834 856 967
189983375: 3 63 982 845 530
87390065: 4 7 249 14 1 2 8 4 3 13 5
10422: 1 7 8 2 5 16 7 9 79 87
1569736364: 957 4 625 41 5 6 4
3122: 75 3 1 1 4
555849: 173 9 7 17 3
16056854: 395 7 56 4 4 622 5 227
182864: 3 105 2 169 3
40955: 25 13 2 63 5
221719680: 434 2 72 9 91 288
7355274466129: 740 622 2 799 6 61 26
5321011731: 57 64 2 103 2 1 5 7 76 3
3383748: 13 3 3 4 5 9 68 97
791586387: 79 15 85 793 5 589
504553840: 1 6 6 2 1 61 7 413 1
1622258023: 705 23 7 580 23
4927734397792: 63 42 777 397 792
13757372640: 4 21 8 6 854 4 8 9 2 66 5
13892595: 94 7 8 27 52 21
8665720140: 8 3 4 6 10 83 35 66 790
3256295: 5 651 8 81 414
